-0.249982  0.382755  0.46269
-0.26051335  0.40981634  0.36814851
-0.29555471  0.43654845  0.18318177
-0.42885562  0.41522558 -0.07658786
-0.58039637  0.35421383 -0.20020499
-0.655804  0.322124 -0.256818
-0.18602584  0.26914091  0.42218811
-0.18612156  0.2979528   0.32636745
-0.22072249  0.31827704  0.12711734
-0.40486146  0.27717931 -0.12218711
-0.5704464   0.23746569 -0.23078131
-0.65473544  0.21375669 -0.28034543
-0.00323095 -0.00076744  0.31437793
-0.02364342 -0.00093074  0.21130873
-0.1308963  -0.00060664  0.00964853
-0.4184776  -0.00104733 -0.15139642
-0.5711168  -0.00118177 -0.26081145
-6.62920321e-01 -6.62821164e-04 -3.04052841e-01
-0.18680845 -0.27003608  0.42265839
-0.18646109 -0.29911932  0.32664991
-0.22005803 -0.32088284  0.12588318
-0.4062858  -0.27869499 -0.12336013
-0.57251508 -0.24025497 -0.23209427
-0.65685739 -0.21547525 -0.28199463
-0.250525 -0.383697  0.463029
-0.26141389 -0.41078667  0.36843569
-0.29538784 -0.43883685  0.18266668
-0.42876427 -0.41742901 -0.07798109
-0.58208717 -0.35656847 -0.20080144
-0.657156 -0.323591 -0.257505